wl,R,G,B
380,0.000577,0.020966,0.029880
390,0.000861,0.030475,0.075325
400,0.001284,0.027100,0.106749
410,0.001916,0.018690,0.102697
420,0.002858,0.011574,0.104928
430,0.004263,0.013172,0.152364
440,0.006360,0.018093,0.218129
450,0.009488,0.025830,0.309827
460,0.014155,0.039094,0.518495
470,0.021116,0.053981,1.000000
480,0.031502,0.083428,0.547706
490,0.046995,0.133023,0.055146
500,0.068999,0.202347,0.005816
510,0.085302,0.223373,0.000772
520,0.085717,0.213601,0.000517
530,0.091582,0.302029,0.000347
540,0.124895,0.575860,0.000232
550,0.112898,1.000000,0.000156
560,0.053870,0.119033,0.000104
570,0.050183,0.008179,0.000070
580,0.062038,0.001992,0.000047
590,0.076855,0.001335,0.000031
600,0.091520,0.000895,0.000021
610,0.116171,0.000600,0.000014
620,0.163723,0.000402,0.000009
630,0.222481,0.000270,0.000006
640,0.256354,0.000181,0.000004
650,0.255009,0.000121,0.000003
660,0.264102,0.000081,0.000002
670,0.333992,0.000054,0.000001
680,0.486621,0.000036,0.000001
690,0.760589,0.000024,0.000001
700,1.000000,0.000016,0.000000
710,0.903512,0.000011,0.000000
720,0.493435,0.000007,0.000000
730,0.175577,0.000005,0.000000
740,0.059447,0.000003,0.000000
750,0.039849,0.000002,0.000000
760,0.026711,0.000001,0.000000
770,0.017905,0.000001,0.000000
780,0.012002,0.000001,0.000000