wl,R,G,B
380,0.000003,0.000707,0.002475
390,0.000004,0.000987,0.323496
400,0.000006,0.095892,0.802279
410,0.000009,0.103744,1.000000
420,0.000012,0.085827,0.914529
430,0.000017,0.073703,0.905552
440,0.000023,0.064417,0.905190
450,0.000033,0.061970,0.819993
460,0.000045,0.063862,0.823713
470,0.000063,0.070339,0.970367
480,0.000088,0.117247,0.619450
490,0.006172,0.211482,0.144038
500,0.008486,0.309229,0.043365
510,0.011945,0.375545,0.015572
520,0.015271,0.462696,0.004722
530,0.017036,0.581304,0.000067
540,0.015581,0.794873,0.000048
550,0.015964,1.000000,0.000035
560,0.026047,0.908285,0.000025
570,0.047582,0.708256,0.000018
580,0.119730,0.507700,0.000013
590,0.253486,0.130787,0.000009
600,0.363161,0.014476,0.000007
610,0.486416,0.000201,0.000005
620,0.601168,0.000144,0.000003
630,0.651366,0.000103,0.000002
640,0.649079,0.000074,0.000002
650,1.000000,0.000053,0.000001
660,0.906831,0.000038,0.000001
670,0.161032,0.000027,0.000001
680,0.000252,0.000020,0.000000
690,0.000181,0.000014,0.000000
700,0.000130,0.000010,0.000000
710,0.000093,0.000007,0.000000
720,0.000066,0.000005,0.000000
730,0.000048,0.000004,0.000000
740,0.000034,0.000003,0.000000
750,0.000024,0.000002,0.000000
760,0.000018,0.000001,0.000000
770,0.000013,0.000001,0.000000
780,0.000009,0.000001,0.000000