wl,R,G,B
380,0.000000,0.000000,0.428185
390,0.000000,0.000001,0.554867
400,0.000000,0.000003,0.685931
410,0.000001,0.000017,0.808924
420,0.000002,0.000081,0.910060
430,0.000006,0.000344,0.976714
440,0.000017,0.001298,1.000000
450,0.000046,0.004348,0.976714
460,0.000120,0.012900,0.910060
470,0.000295,0.033921,0.808924
480,0.000694,0.079041,0.685931
490,0.001557,0.163212,0.554867
500,0.003332,0.298653,0.428185
510,0.006798,0.484284,0.315217
520,0.013225,0.695905,0.221372
530,0.024533,0.886169,0.148310
540,0.043400,1.000000,0.094788
550,0.073210,1.000000,0.057793
560,0.117764,0.886169,0.033614
570,0.180639,0.695905,0.018652
580,0.264219,0.484284,0.009873
590,0.368530,0.298653,0.004985
600,0.490160,0.163212,0.002402
610,0.621668,0.079041,0.001104
620,0.751857,0.033921,0.000484
630,0.867097,0.012900,0.000202
640,0.953577,0.004348,0.000081
650,1.000000,0.001298,0.000031
660,1.000000,0.000344,0.000011
670,0.953577,0.000081,0.000004
680,0.867097,0.000017,0.000001
690,0.751857,0.000003,0.000000
700,0.621668,0.000001,0.000000
710,0.490160,0.000000,0.000000
720,0.368530,0.000000,0.000000
730,0.264219,0.000000,0.000000
740,0.180639,0.000000,0.000000
750,0.117764,0.000000,0.000000
760,0.073210,0.000000,0.000000
770,0.043400,0.000000,0.000000
780,0.024533,0.000000,0.000000