wl,R,G,B
380,0.352014,0.319655,0.451443
390,0.525143,0.476870,0.673474
400,0.763189,0.684458,1.000000
410,0.480328,0.387613,0.916662
420,0.275981,0.205174,0.887232
430,0.213342,0.154864,0.907166
440,0.182309,0.172709,0.933922
450,0.160732,0.213765,0.944421
460,0.147400,0.257390,0.903103
470,0.138050,0.322787,0.825286
480,0.143052,0.403429,0.726329
490,0.152787,0.501272,0.610485
500,0.170817,0.612124,0.494534
510,0.196081,0.721353,0.386092
520,0.232229,0.818322,0.300078
530,0.270481,0.899917,0.230571
540,0.330313,0.972880,0.183681
550,0.383098,1.000000,0.156421
560,0.451799,0.930089,0.139537
570,0.530957,0.793924,0.127923
580,0.609051,0.635837,0.120505
590,0.693216,0.490096,0.112417
600,0.789115,0.379509,0.104500
610,0.880520,0.307012,0.100635
620,0.957890,0.263590,0.098951
630,1.000000,0.235477,0.095502
640,0.981920,0.216995,0.090193
650,0.905911,0.203740,0.083867
660,0.815145,0.193293,0.078375
670,0.729259,0.181246,0.071300
680,0.646233,0.170920,0.068035
690,0.569435,0.160292,0.064280
700,0.497649,0.147880,0.063126
710,0.333584,0.099127,0.042315
720,0.223608,0.066447,0.028365
730,0.149889,0.044541,0.019013
740,0.100474,0.029857,0.012745
750,0.067349,0.020013,0.008543
760,0.045146,0.013415,0.005727
770,0.030262,0.008993,0.003839
780,0.020285,0.006028,0.002573